 6.553712640384048E-06
-1.407280799640445E-01 -4.439009577663330E-01 -2.334555971312334E-02
 7.7319302685031       -2.5925355290475625  -0.9214640050148311
 9.663314328186044E-05
-7.186302169039649E-01 -2.250380105571625E-02  4.117184137682463E-02
 0.18756783983282135   -7.416818227580876     -0.11219548978520137
 1.200269375704997E-04
-1.685504489908262E-01  9.687636586748942E-01 -1.151849464032134E-06
-6.293261327690321     -1.1005982640753948     8.811739363833449e-06
 1.273979777116743E-05
 1.390361066044069E+00 -2.100972149003467E-02 -3.461801461346187E-02
 0.27318037773029197    5.546795595812662      0.10948486026663753
 3.769224303888036E-02
 4.003460074251473E+00  2.935353659240211E+00 -1.018232730751003E-01
-1.6668086503476836     2.3546782982997034     0.02756042567972429
 1.128588775599917E-02
 6.408554725090048E+00  6.568044145835264E+00 -3.691278858265659E-01
-1.5673314743294215     1.4213998439815614     0.03757574725171971
 1.723661891724345E-03
 1.443051751807564E+01 -1.373565829091644E+01 -2.381284687621118E-01
 0.9782782576858547     0.9761096367529712    -0.009049605869397804
 2.033612060350484E-03
 1.681075636781368E+01 -2.499265129323521E+01  1.272712802300074E-01
 0.9421146413090293     0.6489650112819453    -0.03503073024777183
